m=      	1.9;
b=      	1.2;
g=          9.81;
S=          0.32;
c_= 		0.3;
rho=		1.225;
e=          0.9764;
CL0=		0.23;
CLalpha=	4.58;
CLde=		0.13;
CLalpha_dot=1.97;
CLq=		7.95;
CLmin=		0.23;
CD0=		0.0442;
CDde=		0.0135;
CDdr=		0.0303;
CYb=		-0.83;
CYdr=		0.191;
CYp =       0;
CYr=        0;
Clb=		-0.13;
Clda=		0.0855;
Clp=		-0.505;
Clr=		0.252;
cmalpha=	-1.5;
cmde=		-0.992;
cmalpha_dot=-10.4;
cmq=		-38.2;
cnb=		0.0726;
cndr=		-0.0693;
cnp=		-0.069;
cnr=		-0.0946;
Ixx=		0.0894;
Iyy=		0.0144;
Izz=		0.0162;
Ip=         0.0132;
Im=         0.00013;