camera_matrix:
- - 1579.3145646259313
  - 0.0
  - 737.574015092512
- - 0.0
  - 1583.9337881688475
  - 931.3428623006427
- - 0.0
  - 0.0
  - 1.0
dist_coeff:
- - 0.11289498444164978
  - -0.7908754660665691
  - 0.0008393242941087828
  - -0.011681259514424579
  - 0.8214335628748957
